0.             1.             120.        	Energie
0.0           0.005          1.2		Hoehe	
0.12           0.005          0.5 		Radius
0.             361.           0. 		Alpha	
0.             180.           0.  		Gamma
0.	       10.	      0.		Phase des Spins
0 	       0.1            0	   	     	Polarisation	 
0.             5.E-10         0.1 		B SwitchTime, delx, xend
0	       1	      1                 SpinDangerField, RodMultiplicator
012345678912345 12345678912345 12345678912345 1234567890
01234567890123456789012345678901234567890
01234567890123456789012345678901234567890
01234567890123456789012345678901234567890
01234567890123456789012345678901234567890
01234567890123456789012345678901234567890